,7806
,11507
,5015
,4720
,4975
,5855
,14526
,7620
,14281
,468
,7726
,8705
,9140
,5880
,4963
,8897
,4873
,14143
,6289
,10830
,7734
,11485
,5344
,13791
,15298
,7436
,13534
,15216
,12877
,8494
,6248
,13316
,12981
,14035
,5940
,6804
,10242
,3455
,5295
,13554
,5217
,15538
,7412
,5413
,15137
,13507
,14630
,426
,13961
,13960
,8636
,9974
,13297
,12083
,15089
,7452
,9158
,8301
,15036
,13449
,5985
,12199
,11973
,7228
,11731
,15581
,5133
,7120
,6164
,14334
,672
,8917
,7995
,10456
,8006
,6512
,432
,15244
,13163
,11934
,12306
,15087
,9521
,15519
,7179
,14486
,10548
,6765
,11432
,7428
,8440
,12010
,13694
,14995
,5494
,14200
,14017
,13549
,7772
,133
,11401
,11704
,11249
,5366
,10955
,9145
,7001
,14201
,13584
,14092
,10996
,13288
,10364
,10779
,10750
,10433
,8444
,13123
,14396
,13280
,10700
,12373
,13071
,15309
,10229
,11579
,15321
,11426
,12009
,13337
,15237
,5289
,12124
,533
,14540
,13262
,13105
,8046
,11941
,15085
,14639
,6144
,11065
,14355
,6736
,5933
,5782
,14273
,8310
,8327
,2121
,8631
,8564
,7464
,673
,9111
,13019
,5717
,13369
,15306
,5751
,14245
,3420
,2344
,7643
,4856
,8265
,14927
,9348
,10861
,10339
,7629
,5410
,6102
,10152
,5612
,13765
,8541
,14264
,3308
,5335
,5527
,3606
,5379
,2270
,4306
,12638
,5173
,13083
,11739
,14029
,14140
,4890
,11906
,10825
,5153
,15414
,4880
,9450
,5567
,5437
,15188
,4344
,10968
,5686
,10183
,5497
,5525
,3565
,10246
,4745
,6835
,5359
,6572
,7869
,12323
,15673
,6060
,12142
,5844
,5903
,3571
,375
,15373
,5748
,10920
,10187
,13307
,5487
,13576
,271
,4299
,13377
,9347
,8766
,15487
,2441
,10372
,4756
,11188
,7860
,7240
,6273
,5449
,9724
,5438
,6311
,11440
,13243
,15608
,3559
,15280
,420
,9570
,6292
,15221
,13366
,479
,2203
,5151
,8357
,12512
,4862
,11371
,4356
,9995
,5341
,13244
,12399
,5392
,6367
,12078
,13242
,4734
,6057
,606
,10800
,12960
,13064
,5649
,6966
,11681
,3472
,6051
,11560
,486
,6444
,4977
,12261
,11061
,5162
,4892
,2206
,7881
,12953
,578
,6016
,8023
,7073
,562
,6944
,3242
,3417
,10981
,5037
,6459
,10156
,5317
,6314
,5141
,6767
,14016
,433
,15234
,631
,11908
,247
,12264
,10595
,5079
,7312
,9888
,4437
,13532
,8449
,6353
,6322
,4806
,549
,9786
,6681
,6950
,5376
,15687
,4900
,502
,7438
,8700
,4130
,555
,5709
,5251
,8582
,9527
,5146
,5931
,2051
,2278
,7692
,10958
,6163
,6362
,8646
,7686
,9021
,6166
,2353
,3561
,8523
,3501
,10718
,6421
,6641
,7410
,5764
,5843
,12276
,7066
,12774
,8544
,6417
,8202
,5535
,5185
,14510
,11267
,6864
,3437
,7874
,8045
,10369
,5462
,10804
,8448
,9665
,11525
,6895
,13615
,4168
,15348
,10454
,11608
,4047
,13515
,12110
,13265
,621
,4939
,13320
,12071
,13181
,15810
,12163
,5589
,8666
,12690
,10186
,10346
,9559
,5136
,7626
,14531
,6627
,5950
,6228
,13211
,13461
,8268
,10356
,5309
,11863
,8331
,7530
,9353
,5489
,9363
,11156
,9930
,7265
,3354
,12629
,11744
,12368
,10177
,8189
,11711
,9095
,11313
,15372
,9971
,9283
,5789
,14255
,12535
,11722
,13725
,10193
,166
,15313
,8545
,8429
,6992
,14489
,15631
,11191
,6348
,10828
,554
,12722
,15231
,13556
,15668
,13732
,8949
,8258
,15795
,14637
,8998
,12864
,14118
,12995
,12986
,5986
,5119
,7787
,12218
,11008
,12581
,13518
,8921
,3980
,14917
,11852
,12741
,11686
,5616
,12344
,14368
,13827
,14709
,11595
,5197
,6635
,15106
,8433
,14713
,5772
,15515
,10677
,7967
,6258
,12733
,4831
,15149
,11992
,13608
,11794
,10693
,13592
,6993
,12608
,9106
,5132
,12701
,3320
,13736
,11791
,8235
,2233
,11729
,14297
,14715
,11375
,15180
,14744
,14578
,15833
,8985
,14330
,14628
,15830
,13171
,13589
,13039
,11795
,9539
,12970
,13681
,9390
,11728
,9327
,5611
,6197
,13773
,12092
,11789
,13766
,11011
,13241
,9476
,8478
,11405
,13465
,10657
,11659
,11769
,13812
,8319
,12728
,7828
,11889
,9623
,3727
,14584
,8624
,14541
,15241
,11772
,12757
,2345
,9868
,8656
,13936
,9268
,12829
,13772
,13352
,15859
,6075
,14127
,10717
,8153
,9599
,13380
,13257
,13627
,9004
,10643
,10436
,10954
,8117
,7918
,14627
,11421
,7873
,14685
,11390
,14199
,5355
,15797
,3518
,15051
,8256
,11001
,11886
,11102
,4976
,10759
,12037
,13986
,9878
,13263
,12824
,7075
,9282
,15573
,14570
,590
,11339
,7736
,6074
,13823
,10875
,6856
,12803
,6867
,14241
,14921
,13210
,13949
,7523
,11184
,11771
,6247
,9982
,6307
,14733
,12952
,8238
,9465
,11737
,7802
,11221
,13147
,11784
,11892
,15743
,14271
,9326
,8244
,14693
,12965
,5473
,13753
,15039
,13998
,11194
,14634
,13852
,11563
,10707
,14285
,10432
,13703
,13139
,7755
,11841
,14184
,3424
,13239
,4355
,11148
,4374
,11896
,11938
,14608
,15328
,8859
,4028
,10941
,10725
,10699
,8266
,12827
,8017
,14482
,11842
,12685
,14684
,4839
,12379
,11674
,10476
,11623
,8442
,7237
,15556
,11894
,7757
,13522
,13053
,13744
,13179
,10344
,3563
,5823
,8888
,11797
,14537
,15230
,13172
,11930
,15774
,11419
,8472
,14146
,12812
,12742
,15388
,13107
,10627
,14732
,15649
,9029
,8161
,15831
,12510
,7641
,14382
,12828
,8890
,15176
,9928
,9336
,15568
,15724
,8347
,11761
,10948
,5304
,9703
,5745
,8091
,14175
,11124
,4465
,9802
,6209
,11308
,14367
,14622
,11743
,12917
,9328
,13911
,11031
,8620
,6162
,15570
,5194
,14559
,12220
,11740
,14412
,10974
,11742
,8915
,14233
,12938
,6128
,14636
,9284
,13421
,12758
,7356
,8709
,13001
,12416
,415
,11905
,5894
,8021
,10923
,12637
,9406
,14609
,13947
,11833
,13291
,11080
,12961
,11491
,7596
,13249
,10184
,15742
,15625
,14970
,14937
,13037
,12161
,6818
,14381
,9671
,11644
,13339
,12477
,7431
,3879
,13305
,9263
,12287
,12665
,9522
,12924
,13344
,5043
,12352
,13806
,11457
,8012
,8614
,46
,8009
,8115
,9195
,14049
,14659
,15343
,5062
,10384
,6912
,14891
,8175
,10639
,15716
,12346
,10616
,15047
,10995
,12855
,12353
,7659
,7018
,5016
,12483
,11658
,15020
,8063
,12706
,10479
,14294
,8406
,15711
,10422
,12146
,14736
,11274
,12907
,13693
,15696
,13044
,14996
,8275
,13360
,13752
,13094
,15222
,8447
,11575
,13108
,12081
,6167
,12277
,3475
,7236
,12441
,14588
,8082
,14629
,6483
,15164
,7951
,11441
,6065
,13347
,10592
,13818
,10741
,12020
,15832
,6704
,10232
,14766
,15667
,7748
,10564
,9046
,11538
,15769
,13101
,7595
,15212
,14941
,15401
,8470
,8762
,14187
,15695
,13281
,9483
,11510
,5048
,15660
,4717
,8335
,12357
,15643
,8381
,15685
,11403
,15296
,3627
,12910
,14539
,5671
,7939
,9799
,12967
,10581
,10785
,9909
,14520
,15157
,10488
,12397
,13979
,10580
,14080
,12792
,11540
,9873
,13356
,7852
,14750
,12871
,6876
,10473
,11726
,12238
,11827
,14527
,14072
,15818
,12514
,13958
,13774
,11518
,15657
,9300
,15590
,12658
,13087
,7752
,8473
,12458
,15046
,12835
,15270
,7851
,9596
,11741
,15259
,9893
,13028
,10953
,15017
,9706
,6054
,6584
,12691
,13330
,7943
,13691
,15574
,12693
,11574
,12033
,14720
,6845
,12870
,14452
,10450
,11584
,11227
,12559
,5939
,10101
,12478
,14039
,14612
,6827
,11130
,8655
,12474
,9867
,10426
,9985
,8467
,6613
,13180
,14619
,15331
,15622
,7745
,8848
,13443
,14679
,5681
,10484
,14952
,14644
,12011
,7580
,13665
,13431
,14546
,527
,11821
,15715
,14227
,10431
,11234
,15211
,7845
,11108
,10619
,10608
,12642
,6609
,13020
,6617
,9236
,14466
,5761
,11734
,11924
,9564
,11072
,14739
,15398
,12270
,15278
,12699
,3186
,11435
,11162
